QQ版本 6.6.7.3034

CameraCaptureActivity  qq对话拍照界面，EditPicActivity qq拍照完成预览图片界面。
从qq拍照到显示预览图片界面之间，还需要经过一个ArtFilterBridgeActivity 滤镜。
经查看，出现回到聊天界面3秒原因是在经过滤镜时卡顿。
QQ属于第三方app,暂时无法处理。

3970.828582>,95,0,0,0,0,0,99,0,1300000,0,0,0,96,2,1300000,0,0,0,96,0,1300000,0,0,0,88,0,1300000,0,0,0,0,0,0,0,0,0,0,0,0,0,0,0,0,0,0,0,0,0,0,0,0,0,0,0,0,0,21835,11,1,461892,167300,158632,0,0,0,0,0,0
9-13 16:59:6.756< 3971.833536>,100,0,0,0,0,0,100,0,1300000,0,0,0,99,0,1300000,0,0,0,100,0,1300000,0,0,0,100,0,1300000,0,0,0,0,0,0,0,0,0,0,0,0,0,0,0,0,0,0,0,0,0,0,0,0,0,0,0,10407,13537,21886,11,4,461892,147480,139004,0,0,0,0,0,0
9-13 16:59:7.759< 3972.835950>,100,1,0,0,0,0,100,1,1150000,0,0,0,100,2,1150000,0,0,0,99,1,1150000,0,0,0,100,2,1150000,0,0,0,0,0,0,0,0,0,0,0,0,0,0,0,0,0,0,0,0,0,0,0,0,0,0,0,0,0,21895,16,4,461892,135732,128512,0,0,0,0,0,0
9-13 16:59:8.764< 3973.841679>,100,0,0,0,0,0,100,0,1300000,0,0,0,100,0,1300000,0,0,0,100,0,1300000,0,0,0,100,0,1300000,0,0,0,0,0,0,0,0,0,0,0,0,0,0,0,0,0,0,0,0,0,0,0,0,0,0,0,15188,22241,21911,18,0,461892,131732,124344,0,0,0,0,0,0
9-13 16:59:9.767< 3974.844051>,99,3,0,0,0,0,100,0,1300000,0,0,0,98,3,1300000,0,0,0,100,3,1300000,0,0,0,100,4,1300000,0,0,0,0,0,0,0,0,0,0,0,0,0,0,0,0,0,0,0,0,0,0,0,0,0,0,0,0,0,21927,12,6,461892,135368,127440,0,0,0,0,0,0
9-13 16:59:10.772< 3975.849520>,99,0,0,0,0,0,100,0,1300000,0,0,0,99,1,1300000,0,0,0,100,1,1300000,0,0,0,95,0,1300000,0,0,0,0,0,0,0,0,0,0,0,0,0,0,0,0,0,0,0,0,0,0,0,0,0,0,0,11470,14635,21936,15,6,461892,149444,138676,0,0,0,0,0,0
9-13 16:59:11.777<


recentCalls_deleteAll

MsmsDialerActivity 弹窗选择sim卡拨号

SIM1-联通
SIM2-移动

显示的联系人
AccountFilterActivity
